96044
96023
96064
96086
96039
95543
96134
95567
95531
96112
97635
96058
96097
96050
96108
96104
96115
96085
96032
95548
96101
96015
96094
96038
96034
96027
95568
96037
95548
95548
96067
96014
95546
95555
96054
96110
96116
95556
95556
96031
96057
96056
96006
96091
95570
96025
96048
96017
96009
96028
96011
96119
96068
96028
96013
96084
96132
95525
95527
96051
95519
95573
96123
96016
95563
96010
95521
96065
95550
96040
95521
96033
96051
95524
96052
96130
96093
95564
95501
95503
96003
95502
95501
95549
96008
96003
96069
95549
96003
96003
95551
96071
95537
96046
96001
96019
96096
96041
96024
95551
96073
96087
96117
96047
96062
95540
95536
96130
96024
95536
96095
96088
95547
95552
96024
96002
95526
95528
96024
95562
96076
96007
96007
96001
95565
96136
96059
96063
96061
96022
95569
95514
96080
96075
95545
96128
95558
96137
96114
95542
95571
95554
95595
96080
96020
95526
95553
96113
95511
95947
95542
96121
95559
95560
95923
95542
95589
96080
96109
95971
96055
95542
95983
95942
95934
95973
96035
96055
95954
95984
96021
96105
96092
96090
96080
96080
96055
95454
95587
96074
96029
95428
96055
96021
95956
95971
95928
95585
95978
96103
95963
96122
96021
95965
95488
95585
95429
96118
95969
95963
95926
95916
95943
95951
96106
95951
95417
95939
95943
95939
95490
96124
95981
95939
95938
96125
95913
95936
95943
96126
95966
95988
95437
95930
89439
95944
95981
95941
95922
95469
95920
95925
95910
95922
95974
95917
95919
95959
95914
95970
95972
95960
95715
95968
96161
95935
95470
95918
95948
95962
95962
95932
95960
95901
95979
95932
95420
95986
95460
95955
95427
95728
95485
95987
95953
95715
95701
95946
95456
95482
95410
96143
96140
95945
95975
96148
95493
95977
96146
96145
95977
95982
95991
96145
95458
95463
95714
95485
95949
96145
95717
95901
95957
95432
95453
95423
95993
95466
95713
95903
95485
96141
95631
95950
95464
95912
95932
95464
95481
95692
96142
95961
95415
95602
95443
95692
95648
96150
95681
95459
95722
95449
95451
95703
95422
95423
95645
95676
95736
95634
95494
95674
95457
95603
95424
95645
95635
95468
95659
95614
95422
95602
95658
96120
95422
95937
95445
95627
95606
95668
95461
95633
95695
95637
95721
95663
95667
95664
94558
95765
95650
95426
95425
95747
95461
95651
95441
95677
95637
95720
95776
95735
95412
95726
95613
95678
95746
95709
95691
95626
95441
95762
94515
95497
95661
95645
95672
95607
94567
95837
95448
95836
95835
95843
95684
95621
95682
95610
95662
95673
95630
95666
95619
95842
95660
95646
95623
95841
96133
95653
95835
95421
95628
95480
95608
95838
95834
95636
95694
95834
95616
94574
95742
95821
96107
95670
95815
94558
95833
95833
95825
95864
95605
95814
94508
95827
95816
95819
95450
95404
94558
94558
95629
95492
95818
95655
95826
95446
95817
95669
95691
94576
95436
95820
95675
95618
95403
95822
95683
95620
95830
95689
95471
95829
95624
95828
95824
95831
95446
95688
95409
95436
95823
95223
95439
95685
95612
95401
95462
95472
95832
95255
95430
95462
95465
95693
95430
95452
95405
95758
95409
93517
95640
94923
95450
94599
95601
95665
95444
95407
95419
95364
95687
95638
95257
95442
95642
95404
94599
95639
95615
95642
94922
95245
95476
94928
94951
95232
94972
94952
94931
94585
95632
95625
95431
95616
95246
94954
95616
95615
94533
94559
95690
95620
95620
95620
95252
95690
95249
94571
95690
95250
94535
95227
94971
94929
94571
95224
95686
95226
95690
95220
94952
95641
94937
95690
94533
95690
95641
94585
94940
95686
94559
95242
94589
95254
95476
95247
95237
95310
95240
95233
95222
95335
95258
94945
95225
94512
95383
94510
94510
95258
95236
95346
94510
94591
94510
93541
94947
95251
95242
94590
94946
94956
94592
94571
94571
94956
94585
95212
94511
95370
94949
95219
94585
95219
95219
94585
94585
94950
95221
94585
95230
94585
95209
95219
94585
95219
93541
95219
95215
94571
94511
94903
94565
95210
94520
95228
94525
94561
94572
94511
94565
94569
94565
94553
95219
95219
95219
94565
94511
94513
95219
95219
95219
95219
94571
94938
94547
94513
94960
95206
94963
94571
94509
94561
94930
95207
95379
95372
94561
94933
95219
94521
94572
94963
93541
94973
94806
94564
94519
95219
95219
95219
95219
94513
95205
94901
95219
94924
95219
95206
95204
94960
94803
94517
95321
94523
95327
94513
94518
94521
94513
93512
95202
94801
95219
95203
94549
95203
94904
94805
94939
94804
95219
94939
94598
94964
94563
94970
94530
94925
94596
95219
95219
94941
95320
94514
94920
94707
94708
95219
95231
95389
95361
94706
94710
94595
95336
94709
94703
94507
94704
94965
94702
94556
94920
94705
94608
95330
93529
94514
94618
94611
94609
94550
94526
94506
94583
95311
94514
94130
95305
94607
95366
94610
95376
94619
95330
94602
93514
94612
95337
95376
94111
94109
94129
94602
94133
94123
94606
94619
95376
94552
94601
95376
94501
94108
94605
94115
94105
94104
94118
94121
94107
94102
94103
94607
94117
93644
94122
94621
94114
95329
94110
95327
95318
94131
95356
95367
94603
94116
94124
94127
94502
95386
94577
95368
94588
94546
94132
94568
95357
94134
94112
95358
95327
94578
94014
94005
94015
95355
94579
94580
95350
94541
94544
94566
94080
93546
94586
95338
95351
94044
94542
94545
95385
95354
95323
95369
94128
95345
94066
95363
95351
94587
95326
95369
94030
95316
95307
95325
95387
94010
94536
94401
93664
94404
94402
94539
94402
95382
94403
95328
94538
94037
94065
95380
95303
94402
94019
94038
93623
94002
95358
95348
95306
95313
93604
95387
95035
95132
95140
95388
93601
95134
95002
95315
93513
94089
95324
93643
95313
95334
95360
95340
94304
95312
94028
95054
93634
94040
95131
93653
94022
95127
95333
94086
94041
95301
95133
94024
95112
94074
95365
95051
95110
94087
95050
95374
95116
95148
93634
94020
93604
95126
95122
93614
95135
95113
95014
95128
93669
93635
95117
95125
95129
95121
95033
93604
95111
94060
95008
95130
95322
94021
95138
95037
95136
95070
95124
95118
95032
95123
95006
95030
93620
95119
95020
95120
95322
95139
95322
93610
95033
93605
93645
95340
93638
93605
95017
93605
95317
95023
95018
93602
95005
95018
95066
93626
95007
95046
95060
95005
93611
95065
95003
95073
95076
93667
93637
93651
93622
95041
95064
93526
95062
95010
93665
95019
93720
93657
95004
95045
93621
93720
93628
95039
93711
93722
93907
93650
93612
93704
93710
95039
93675
93630
93640
95012
93726
93705
95039
93606
93908
95039
93727
93640
95012
93727
92328
93703
93906
93728
93702
95043
93701
93545
93641
93908
93706
93262
93721
93603
93933
93654
93725
93668
93640
93905
93646
93616
93901
93648
93660
93625
93647
93955
93925
93926
93950
93662
93962
93244
93530
93940
93608
93953
93514
93652
93618
93286
93656
93627
93923
93609
93608
93549
93631
93271
93921
93924
93666
93603
93615
93530
93292
93960
93242
93210
93527
93291
93624
93673
93930
93230
93927
93235
93245
93920
93221
93940
93522
93265
93277
93234
93202
93223
93262
93247
93274
93266
93954
93267
93239
92384
93928
93208
93257
93450
93212
93282
93274
93451
93272
93932
93204
93256
93238
93270
93426
93260
93201
93219
93218
92389
93207
93215
93261
93555
93255
93562
93452
93283
93226
93249
93280
93461
92364
93216
93250
93446
93287
93285
93308
93428
93240
93447
93280
93205
93465
92309
93206
93432
93518
93263
93430
93422
93280
93453
93306
93435
93251
93312
93554
92310
93442
93305
93301
93528
93307
93309
93304
93203
92332
93276
93405
93311
93402
93401
92323
93313
93501
93420
93224
93268
93241
93531
92311
92363
93561
93505
93424
93449
93454
93433
93444
93445
93516
93523
92347
92398
92365
93560
93434
93243
93444
93458
93455
93458
93222
93225
93458
92327
93429
92338
92311
93437
92342
93535
92301
93534
93536
93243
93440
93441
93532
93436
93225
93225
93460
93427
92278
92356
93023
92304
92368
92307
93463
93591
93550
93551
91384
91350
92394
93535
93105
93552
93117
93544
93543
93510
92371
92392
92392
92372
93553
92280
93060
93553
92308
91354
93040
92356
93111
91351
93110
92345
93015
92307
93105
92285
91355
93563
92277
93001
91381
93022
93109
92308
91321
92397
91350
93063
93021
91342
92267
91042
91311
93066
93065
92358
93003
91344
91342
91040
92407
92314
91326
91340
93004
91345
91331
92333
92352
91737
93065
91011
93030
92268
92284
93012
93010
91214
92315
92325
92284
92284
91352
92321
91324
92285
91024
91325
91304
91343
92317
92252
92386
91360
91402
91362
92341
92277
91702
92268
91307
92305
91759
92404
91306
91208
92242
91001
92382
91605
91504
91020
91406
91335
91750
91207
91405
91320
91377
91303
91505
93033
91501
93035
91107
91606
91401
91411
91201
91367
92377
91506
91502
91103
92336
91206
91316
92346
91356
91104
93041
91202
91436
91016
91006
91024
91601
91607
92256
91784
91361
91302
91361
91105
91364
92268
91301
91403
91423
91010
91739
91741
91701
91711
92359
92405
92268
90027
91602
91203
91101
91106
91604
90068
90039
91204
90041
91773
91007
91205
91608
92411
90290
90265
91108
92376
90042
90065
91706
92410
90210
90272
90077
90049
91740
91775
90046
92277
91030
92242
91730
91786
91780
92401
91722
92335
91767
91801
90069
91724
92408
90028
91732
91776
92339
90031
90032
91731
91731
90031
91763
90029
90026
91723
91768
91770
92374
90038
91764
91790
92316
92399
92324
91803
90012
91762
91791
90004
90048
90036
90024
92225
92239
93105
93105
92354
90057
90211
91755
91733
90020
92337
91754
91761
91743
90212
90025
92324
92373
91746
90033
90010
90005
91789
90067
90010
90063
90035
90017
90019
91766
90064
90071
90006
92318
91744
90013
91762
91710
90015
90022
90402
90014
91792
90601
90403
91765
90034
92313
90640
90021
90016
90404
90263
90007
90018
90023
90601
93105
90232
92509
92220
91752
92282
91746
91745
90011
91746
90405
90066
90401
90640
91709
90660
90660
90058
92501
92507
92557
90008
90062
90037
90230
90040
90230
90640
91748
90291
92320
92223
90606
90043
90201
92240
90056
90270
90292
90255
90047
90003
90001
90044
91710
92880
90602
90066
92230
90045
90201
92555
90302
92504
92506
90631
90240
90605
90293
90305
90240
92503
92241
90301
90670
90603
90280
90002
90241
92860
92879
90280
92505
90280
90604
92258
92821
90262
90303
92823
90304
90242
90241
92553
90059
90061
92258
90650
90250
90245
92223
90638
90222
92835
92886
92262
90723
92276
90247
92508
90249
92518
92282
90248
90221
90706
92870
92887
92833
90266
92567
92282
90220
92551
90260
92833
92831
90261
90621
90278
92234
92882
90703
90504
90746
90805
92551
92832
92887
90701
92571
92807
90254
92807
92808
90620
92225
90703
90713
90712
92806
92881
92801
90623
92570
92225
92805
90503
90502
90501
90277
92583
90745
92582
90807
90715
92867
92676
90808
90810
92865
90630
90716
90745
90806
92802
92804
90808
92883
92861
92270
90505
92545
92869
92549
90720
90815
92264
90680
90710
92211
90815
90717
90744
90274
92841
92840
92868
90804
92868
92804
92866
90275
92203
92845
90813
90813
92234
92548
90740
92705
92544
92706
92782
90732
90822
90680
92585
90802
92844
92270
92843
90802
90814
90803
92683
92706
90803
92543
92260
92602
90731
92530
92532
90802
92780
92701
91719
92561
90731
92703
92201
92703
92647
92620
92655
92587
92649
92704
92704
92705
92610
92260
92602
92679
92618
92707
92253
92211
92708
90743
92210
92586
90742
92236
92649
92649
92618
92606
92596
92253
92604
92782
92648
92544
92614
92626
92584
92646
92584
92543
92614
92630
92612
92274
92612
92692
92688
92627
92660
92595
92707
92691
92653
92660
92660
92663
92592
92539
92657
92562
92651
92625
92563
92663
92254
92656
92662
92661
92536
92675
92591
92677
92694
92590
92673
92028
92629
92054
90704
92624
92672
92059
92086
92257
92227
92061
92060
92082
92028
92004
92275
92003
92026
92003
92086
92057
92070
92084
92057
92069
92066
92056
92054
92233
92083
92065
92027
92008
92036
92078
92025
92029
92009
92024
92127
92067
92064
92128
92281
92007
92091
92075
92130
92014
92129
92091
91916
92040
92250
92131
92126
92121
92037
92251
91931
91948
91901
92071
92021
92122
91962
92123
92124
92120
92243
92117
92111
92109
92020
92019
92119
91942
92110
92273
92108
92259
91906
91935
92115
91941
92116
92249
91905
91934
92110
92103
91977
92107
92104
92105
91945
92106
92019
91978
92101
92102
92114
91978
91914
92231
92113
91902
92139
91917
91963
91913
91915
91950
91980
92173
92266
92283
94555
94560
94065
94065
94065
94063
94070
94065
94063
94062
94303
94025
94061
94027
94301
94043
94304
94305
94306
93254
93252
93105
93013
93108
93103
93101
93067
92118
91950
91910
91911
91932
92154
92154